1773955549634 0.0 4
1773955554273 1.0 9
1773955560520 2.0 14
1773955565978 3.0 19
1773955574417 4.0 24
1773955587599 5.0 29
1773955595476 6.0 34
1773955602000 7.0 39
1773955614275 8.0 44
1773955622157 9.0 49
1773955629289 10.0 54
1773955636170 11.0 59
1773955643518 12.0 64
1773955651226 13.0 69
1773955657394 14.0 74
1773955662545 15.0 79
1773955666527 16.0 84
1773955670458 17.0 89
1773955673055 18.0 94
1773955676783 19.0 99
1773955682041 20.0 104
1773955688289 21.0 109
1773955695964 22.0 114
1773955701836 23.0 119
1773955706919 24.0 124
1773955713743 25.0 129
1773955718332 26.0 134
1773955721477 27.0 139
1773955723597 28.0 144
1773955724472 29.0 149
