1773955549634 1.2246865034103394 4
1773955554273 1.204784870147705 9
1773955560520 1.1872830390930176 14
1773955565978 1.1696027517318726 19
1773955574417 1.1502078771591187 24
1773955587599 1.1264017820358276 29
1773955595476 1.0909698009490967 34
1773955602000 1.0482388734817505 39
1773955614275 0.9974067211151123 44
1773955622157 0.9346059560775757 49
1773955629289 0.8657064437866211 54
1773955636170 0.8061533570289612 59
1773955643518 0.7514696717262268 64
1773955651226 0.7033021450042725 69
1773955657394 0.6564143300056458 74
1773955662545 0.6090959310531616 79
1773955666527 0.5752597451210022 84
1773955670458 0.5344266295433044 89
1773955673055 0.49479836225509644 94
1773955676783 0.4654074013233185 99
1773955682041 0.43519845604896545 104
1773955688289 0.4048190116882324 109
1773955695964 0.3852662742137909 114
1773955701836 0.3761349618434906 119
1773955706919 0.36712440848350525 124
1773955713743 0.34351933002471924 129
1773955718332 0.31965383887290955 134
1773955721477 0.3107357621192932 139
1773955723597 0.29451170563697815 144
1773955724472 0.2855306565761566 149
