1773955516302 0.0 4
1773955518960 1.0 9
1773955521873 2.0 14
1773955523849 3.0 19
1773955526629 4.0 24
1773955529794 5.0 29
1773955534410 6.0 34
1773955539399 7.0 39
1773955544836 8.0 44
1773955551784 9.0 49
1773955557993 10.0 54
1773955564344 11.0 59
1773955568676 12.0 64
1773955582211 13.0 69
1773955588999 14.0 74
1773955592885 15.0 79
1773955599212 16.0 84
1773955609568 17.0 89
1773955614795 18.0 94
1773955621511 19.0 99
1773955627629 20.0 104
1773955636474 21.0 109
1773955644455 22.0 114
1773955651549 23.0 119
1773955660315 24.0 124
1773955664817 25.0 129
1773955669386 26.0 134
1773955672748 27.0 139
1773955676246 28.0 144
1773955681293 29.0 149
1773955686983 30.0 154
1773955692670 31.0 159
1773955698663 32.0 164
1773955703553 33.0 169
1773955709393 34.0 174
1773955716226 35.0 179
1773955719999 36.0 184
1773955723036 37.0 189
