1773955516302 1.2472063302993774 4
1773955518960 1.2290620803833008 9
1773955521873 1.2134217023849487 14
1773955523849 1.1949756145477295 19
1773955526629 1.1742746829986572 24
1773955529794 1.14730966091156 29
1773955534410 1.1162341833114624 34
1773955539399 1.073676586151123 39
1773955544836 1.0231348276138306 44
1773955551784 0.96406489610672 49
1773955557993 0.89678555727005 54
1773955564344 0.8313809037208557 59
1773955568676 0.7825685143470764 64
1773955582211 0.7360733151435852 69
1773955588999 0.7008077502250671 74
1773955592885 0.6613531112670898 79
1773955599212 0.6237201690673828 84
1773955609568 0.5962740182876587 89
1773955614795 0.5579399466514587 94
1773955621511 0.528849184513092 99
1773955627629 0.49905911087989807 104
1773955636474 0.47493815422058105 109
1773955644455 0.45442506670951843 114
1773955651549 0.4337805509567261 119
1773955660315 0.4074346125125885 124
1773955664817 0.38668960332870483 129
1773955669386 0.37843191623687744 134
1773955672748 0.361387699842453 139
1773955676246 0.3674086332321167 144
1773955681293 0.33876845240592957 149
1773955686983 0.3225560784339905 154
1773955692670 0.3116597533226013 159
1773955698663 0.3037470579147339 164
1773955703553 0.2957903742790222 169
1773955709393 0.2894722521305084 174
1773955716226 0.29397842288017273 179
1773955719999 0.2928735017776489 184
1773955723036 0.2768641412258148 189
