1773954194934 0.0 3
1773954202882 1.0 7
1773954213997 2.0 11
1773954220151 3.0 15
1773954227330 4.0 19
1773954237084 5.0 23
1773954244830 6.0 27
1773954254065 7.0 31
1773954260567 8.0 35
1773954269470 9.0 39
1773954276705 10.0 43
1773954283753 11.0 47
1773954289187 12.0 51
1773954293580 13.0 55
1773954298828 14.0 59
1773954305420 15.0 63
1773954311330 16.0 67
1773954315002 17.0 71
1773954322034 18.0 75
1773954327800 19.0 79
1773954331647 20.0 83
1773954335955 21.0 87
1773954342465 22.0 91
1773954345690 23.0 95
1773954351955 24.0 99
1773954357919 25.0 103
1773954363336 26.0 107
1773954370692 27.0 111
1773954372523 28.0 112
