1773954194934 1.0403581857681274 3
1773954202882 1.0291593074798584 7
1773954213997 1.012715458869934 11
1773954220151 0.9994332790374756 15
1773954227330 0.983078122138977 19
1773954237084 0.9624965786933899 23
1773954244830 0.9389882683753967 27
1773954254065 0.907351553440094 31
1773954260567 0.8651160001754761 35
1773954269470 0.8159081339836121 39
1773954276705 0.7596967816352844 43
1773954283753 0.7020241022109985 47
1773954289187 0.659566342830658 51
1773954293580 0.6211509704589844 55
1773954298828 0.5861544013023376 59
1773954305420 0.5522646307945251 63
1773954311330 0.5173743367195129 67
1773954315002 0.4857790768146515 71
1773954322034 0.45535382628440857 75
1773954327800 0.4258063733577728 79
1773954331647 0.3966774344444275 83
1773954335955 0.36996620893478394 87
1773954342465 0.3564282953739166 91
1773954345690 0.3302331864833832 95
1773954351955 0.31393346190452576 99
1773954357919 0.2923600375652313 103
1773954363336 0.2874940037727356 107
1773954370692 0.2695242464542389 111
