1773954124189 0.0 4
1773954125192 1.0 9
1773954126123 2.0 14
1773954127137 3.0 19
1773954128087 4.0 24
1773954129024 5.0 29
1773954129944 6.0 34
1773954130980 7.0 39
1773954131985 8.0 44
1773954133078 9.0 49
1773954134046 10.0 54
1773954134969 11.0 59
1773954135915 12.0 64
1773954136819 13.0 69
1773954137725 14.0 74
1773954138634 15.0 79
1773954139620 16.0 84
1773954140641 17.0 89
1773954141505 18.0 94
1773954142381 19.0 99
1773954143232 20.0 104
1773954144101 21.0 109
1773954145006 22.0 114
1773954145897 23.0 119
1773954146793 24.0 124
1773954147734 25.0 129
1773954150542 26.0 134
1773954154238 27.0 139
1773954157339 28.0 144
1773954160175 29.0 149
1773954162988 30.0 154
1773954166898 31.0 159
1773954171072 32.0 164
1773954174821 33.0 169
1773954179233 34.0 174
1773954188056 35.0 179
1773954190707 36.0 180
