1773954124189 0.9818064570426941 4
1773954125192 0.9786466360092163 9
1773954126123 0.9759452939033508 14
1773954127137 0.9718921780586243 19
1773954128087 0.9658300280570984 24
1773954129024 0.9602508544921875 29
1773954129944 0.9508142471313477 34
1773954130980 0.9356693029403687 39
1773954131985 0.9114435911178589 44
1773954133078 0.874817430973053 49
1773954134046 0.8163411021232605 54
1773954134969 0.725659191608429 59
1773954135915 0.6306133270263672 64
1773954136819 0.5900694131851196 69
1773954137725 0.5310947299003601 74
1773954138634 0.4971632957458496 79
1773954139620 0.4835103154182434 84
1773954140641 0.45923104882240295 89
1773954141505 0.4147147834300995 94
1773954142381 0.39104387164115906 99
1773954143232 0.44894155859947205 104
1773954144101 0.3850642144680023 109
1773954145006 0.3500079810619354 114
1773954145897 0.33096763491630554 119
1773954146793 0.3126506209373474 124
1773954147734 0.29668810963630676 129
1773954150542 0.296645849943161 134
1773954154238 0.29460304975509644 139
1773954157339 0.3082555830478668 144
1773954160175 0.28548306226730347 149
1773954162988 0.27325060963630676 154
1773954166898 0.263386070728302 159
1773954171072 0.2528734505176544 164
1773954174821 0.24090062081813812 169
1773954179233 0.2545825242996216 174
1773954188056 0.364135205745697 179
