1773954183220 0.0 4
1773954192991 1.0 9
1773954200139 2.0 14
1773954210034 3.0 19
1773954218661 4.0 24
1773954226416 5.0 29
1773954238169 6.0 34
1773954249886 7.0 39
1773954256979 8.0 44
1773954267108 9.0 49
1773954276027 10.0 54
1773954283993 11.0 59
1773954290821 12.0 64
1773954296712 13.0 69
1773954304002 14.0 74
1773954311289 15.0 79
1773954317540 16.0 84
1773954325847 17.0 89
1773954332106 18.0 94
1773954337264 19.0 99
1773954341615 20.0 104
1773954347076 21.0 109
1773954353961 22.0 114
1773954359132 23.0 119
1773954362781 24.0 124
1773954367568 25.0 129
1773954373779 26.0 134
1773954376377 27.0 139
1773954379194 28.0 144
1773954381420 29.0 149
1773954382847 30.0 154
1773954383706 31.0 159
1773954384560 32.0 164
1773954385452 33.0 169
1773954386421 34.0 174
1773954387301 35.0 179
1773954388105 36.0 184
1773954388896 37.0 189
1773954389195 38.0 190
