1773954183220 1.2493754625320435 4
1773954192991 1.2257270812988281 9
1773954200139 1.207797884941101 14
1773954210034 1.1900469064712524 19
1773954218661 1.1720337867736816 24
1773954226416 1.147947907447815 29
1773954238169 1.1185238361358643 34
1773954249886 1.0780688524246216 39
1773954256979 1.0302239656448364 44
1773954267108 0.9759061336517334 49
1773954276027 0.9125102758407593 54
1773954283993 0.8573423027992249 59
1773954290821 0.8080618977546692 64
1773954296712 0.7639676928520203 69
1773954304002 0.7212995886802673 74
1773954311289 0.6820605993270874 79
1773954317540 0.642412543296814 84
1773954325847 0.6099863648414612 89
1773954332106 0.5830678939819336 94
1773954337264 0.5597282648086548 99
1773954341615 0.5319918990135193 104
1773954347076 0.5006200671195984 109
1773954353961 0.47640174627304077 114
1773954359132 0.4547605812549591 119
1773954362781 0.43023738265037537 124
1773954367568 0.41285616159439087 129
1773954373779 0.39450162649154663 134
1773954376377 0.3864624798297882 139
1773954379194 0.3673306107521057 144
1773954381420 0.3609146773815155 149
1773954382847 0.35409653186798096 154
1773954383706 0.3589857220649719 159
1773954384560 0.35817623138427734 164
1773954385452 0.3265320956707001 169
1773954386421 0.30956947803497314 174
1773954387301 0.3016824424266815 179
1773954388105 0.29113301634788513 184
1773954388896 0.29918932914733887 189
