1773955501602 0.0 4
1773955502703 1.0 9
1773955503974 2.0 14
1773955505205 3.0 19
1773955506203 4.0 24
1773955507204 5.0 29
1773955508283 6.0 34
1773955509252 7.0 39
1773955510563 8.0 44
1773955511709 9.0 49
1773955512814 10.0 54
1773955516641 11.0 59
1773955521994 12.0 64
1773955524695 13.0 69
1773955528838 14.0 74
1773955534309 15.0 79
1773955537737 16.0 84
1773955542086 17.0 89
1773955547799 18.0 94
1773955553551 19.0 99
1773955559751 20.0 104
1773955567599 21.0 109
1773955577479 22.0 114
1773955587570 23.0 119
1773955595351 24.0 124
1773955609933 25.0 129
1773955617421 26.0 134
1773955625464 27.0 139
1773955635611 28.0 144
1773955643844 29.0 149
1773955652057 30.0 154
1773955659967 31.0 159
