1773955501602 1.065443515777588 4
1773955502703 1.04781973361969 9
1773955503974 1.0335031747817993 14
1773955505205 1.0164027214050293 19
1773955506203 0.9943748116493225 24
1773955507204 0.9668669104576111 29
1773955508283 0.929811418056488 34
1773955509252 0.8837487101554871 39
1773955510563 0.8262590765953064 44
1773955511709 0.767647922039032 49
1773955512814 0.7128788232803345 54
1773955516641 0.6806701421737671 59
1773955521994 0.6402881145477295 64
1773955524695 0.6012859344482422 69
1773955528838 0.5671995282173157 74
1773955534309 0.5336620807647705 79
1773955537737 0.5083948373794556 84
1773955542086 0.48301106691360474 89
1773955547799 0.445394366979599 94
1773955553551 0.42294982075691223 99
1773955559751 0.3963277041912079 104
1773955567599 0.36848580837249756 109
1773955577479 0.3629966676235199 114
1773955587570 0.3387419879436493 119
1773955595351 0.3202783763408661 124
1773955609933 0.30153030157089233 129
1773955617421 0.2898556590080261 134
1773955625464 0.27708354592323303 139
1773955635611 0.27406442165374756 144
1773955643844 0.26833853125572205 149
1773955652057 0.2628112733364105 154
1773955659967 0.25099897384643555 159
