1773955457017 0.0 4
1773955457948 1.0 9
1773955458905 2.0 14
1773955459832 3.0 19
1773955460760 4.0 24
1773955461676 5.0 29
1773955462579 6.0 34
1773955463508 7.0 39
1773955464440 8.0 44
1773955465392 9.0 49
1773955466336 10.0 54
1773955467250 11.0 59
1773955468157 12.0 64
1773955469075 13.0 69
1773955469998 14.0 74
1773955470915 15.0 79
1773955471847 16.0 84
1773955472884 17.0 89
1773955473849 18.0 94
1773955474820 19.0 99
1773955475785 20.0 104
1773955476697 21.0 109
1773955477649 22.0 114
1773955478591 23.0 119
1773955479544 24.0 124
1773955480495 25.0 129
1773955481424 26.0 134
1773955482344 27.0 139
1773955483286 28.0 144
1773955484202 29.0 149
1773955485109 30.0 154
1773955486018 31.0 159
1773955486920 32.0 164
1773955487817 33.0 169
1773955488741 34.0 174
1773955489762 35.0 179
