1773955457017 0.9850247502326965 4
1773955457948 0.9774761199951172 9
1773955458905 0.9720749855041504 14
1773955459832 0.9651228189468384 19
1773955460760 0.9546759724617004 24
1773955461676 0.9396859407424927 29
1773955462579 0.9155176281929016 34
1773955463508 0.8778965473175049 39
1773955464440 0.819717526435852 44
1773955465392 0.7425005435943604 49
1773955466336 0.6568925380706787 54
1773955467250 0.6136839985847473 59
1773955468157 0.5537441968917847 64
1773955469075 0.5092970728874207 69
1773955469998 0.46562886238098145 74
1773955470915 0.42993494868278503 79
1773955471847 0.3983128070831299 84
1773955472884 0.3657737374305725 89
1773955473849 0.3378351032733917 94
1773955474820 0.32111862301826477 99
1773955475785 0.2987198233604431 104
1773955476697 0.3027905225753784 109
1773955477649 0.30457037687301636 114
1773955478591 0.28348851203918457 119
1773955479544 0.27057379484176636 124
1773955480495 0.2795264720916748 129
1773955481424 0.26516565680503845 134
1773955482344 0.24288909137248993 139
1773955483286 0.22907979786396027 144
1773955484202 0.22346031665802002 149
1773955485109 0.21532317996025085 154
1773955486018 0.22242668271064758 159
1773955486920 0.25959253311157227 164
1773955487817 0.22662164270877838 169
1773955488741 0.2485864907503128 174
1773955489762 0.22025716304779053 179
