1773954211790 0.0 3
1773954220008 1.0 7
1773954230299 2.0 11
1773954238608 3.0 15
1773954246793 4.0 19
1773954256520 5.0 23
1773954262963 6.0 27
1773954269657 7.0 31
1773954276760 8.0 35
1773954280938 9.0 39
1773954287420 10.0 43
1773954294212 11.0 47
1773954302853 12.0 51
1773954311279 13.0 55
1773954318015 14.0 59
1773954325297 15.0 63
1773954332036 16.0 67
1773954337864 17.0 71
1773954341062 18.0 75
1773954346619 19.0 79
1773954351937 20.0 83
1773954356658 21.0 87
1773954362305 22.0 91
1773954365611 23.0 95
1773954370657 24.0 99
1773954373681 25.0 103
1773954376216 26.0 107
1773954378283 27.0 111
1773954379699 28.0 115
1773954381373 29.0 119
1773954381851 30.0 120
