1773954211790 1.2185072898864746 3
1773954220008 1.2003284692764282 7
1773954230299 1.185046672821045 11
1773954238608 1.1696025133132935 15
1773954246793 1.1524823904037476 19
1773954256520 1.1320618391036987 23
1773954262963 1.1067231893539429 27
1773954269657 1.0753726959228516 31
1773954276760 1.0372111797332764 35
1773954280938 0.9872403144836426 39
1773954287420 0.9282902479171753 43
1773954294212 0.8680054545402527 47
1773954302853 0.8109748363494873 51
1773954311279 0.7649930715560913 55
1773954318015 0.724949300289154 59
1773954325297 0.6940356492996216 63
1773954332036 0.6532801985740662 67
1773954337864 0.6203427910804749 71
1773954341062 0.578445553779602 75
1773954346619 0.5414992570877075 79
1773954351937 0.5100173950195312 83
1773954356658 0.4845559597015381 87
1773954362305 0.4478408992290497 91
1773954365611 0.41948938369750977 95
1773954370657 0.39572805166244507 99
1773954373681 0.36935579776763916 103
1773954376216 0.364010751247406 107
1773954378283 0.3556618392467499 111
1773954379699 0.3318282663822174 115
1773954381373 0.3146955370903015 119
