1773955536513 0.0 4
1773955540218 1.0 9
1773955545934 2.0 14
1773955552536 3.0 19
1773955562085 4.0 24
1773955571232 5.0 29
1773955583753 6.0 34
1773955592068 7.0 39
1773955599736 8.0 44
1773955612255 9.0 49
1773955620214 10.0 54
1773955626534 11.0 59
1773955632657 12.0 64
1773955641446 13.0 69
1773955649143 14.0 74
1773955656325 15.0 79
1773955663208 16.0 84
1773955668261 17.0 89
1773955672071 18.0 94
1773955675630 19.0 99
1773955679225 20.0 104
1773955682067 21.0 109
1773955687391 22.0 114
1773955695424 23.0 119
1773955700644 24.0 124
1773955704728 25.0 129
1773955711507 26.0 134
1773955717786 27.0 139
