1773955536513 1.0356920957565308 4
1773955540218 1.0183935165405273 9
1773955545934 1.003719687461853 14
1773955552536 0.9847474694252014 19
1773955562085 0.9640194773674011 24
1773955571232 0.9361012578010559 29
1773955583753 0.900390625 34
1773955592068 0.8558081984519958 39
1773955599736 0.8004384636878967 44
1773955612255 0.7417911887168884 49
1773955620214 0.6896637082099915 54
1773955626534 0.6445553302764893 59
1773955632657 0.6033416986465454 64
1773955641446 0.5659834146499634 69
1773955649143 0.5279203653335571 74
1773955656325 0.5144282579421997 79
1773955663208 0.4730250835418701 84
1773955668261 0.45304355025291443 89
1773955672071 0.4257349371910095 94
1773955675630 0.3967425227165222 99
1773955679225 0.36251217126846313 104
1773955682067 0.34022024273872375 109
1773955687391 0.31983962655067444 114
1773955695424 0.3168184757232666 119
1773955700644 0.31598374247550964 124
1773955704728 0.29899218678474426 129
1773955711507 0.2844095230102539 134
1773955717786 0.2638663351535797 139
