1773954152953 0.0 3
1773954156093 1.0 7
1773954160297 2.0 11
1773954164171 3.0 15
1773954168137 4.0 19
1773954172077 5.0 23
1773954176238 6.0 27
1773954181943 7.0 31
1773954189582 8.0 35
1773954198862 9.0 39
1773954210507 10.0 43
1773954218482 11.0 47
1773954227701 12.0 51
1773954237617 13.0 55
1773954249452 14.0 59
1773954257204 15.0 63
1773954264781 16.0 67
1773954271309 17.0 71
1773954279891 18.0 75
1773954287079 19.0 79
1773954290833 20.0 83
1773954295459 21.0 87
1773954304292 22.0 91
1773954311015 23.0 95
1773954314770 24.0 99
1773954321171 25.0 103
1773954328114 26.0 107
1773954332453 27.0 111
1773954339125 28.0 115
1773954344645 29.0 119
1773954352499 30.0 123
1773954358846 31.0 127
1773954360202 32.0 128
