1773954152953 1.0684314966201782 3
1773954156093 1.0547043085098267 7
1773954160297 1.0387940406799316 11
1773954164171 1.0233391523361206 15
1773954168137 1.0089898109436035 19
1773954172077 0.9867482781410217 23
1773954176238 0.961275577545166 27
1773954181943 0.9287957549095154 31
1773954189582 0.888312816619873 35
1773954198862 0.8400360345840454 39
1773954210507 0.7864782214164734 43
1773954218482 0.7335649132728577 47
1773954227701 0.6895370483398438 51
1773954237617 0.6484282612800598 55
1773954249452 0.6151196360588074 59
1773954257204 0.5815874338150024 63
1773954264781 0.5541579723358154 67
1773954271309 0.5153195858001709 71
1773954279891 0.4830065071582794 75
1773954287079 0.45657098293304443 79
1773954290833 0.42516958713531494 83
1773954295459 0.4097580909729004 87
1773954304292 0.39766258001327515 91
1773954311015 0.3783268928527832 95
1773954314770 0.36063554883003235 99
1773954321171 0.333173930644989 103
1773954328114 0.32568302750587463 107
1773954332453 0.3035133481025696 111
1773954339125 0.290165513753891 115
1773954344645 0.27450570464134216 119
1773954352499 0.26408514380455017 123
1773954358846 0.2593638300895691 127
